imgsz: 768
optimizer: SGD
lr0: 0.0014266301191773261
momentum: 0.9694581216785425
weight_decay: 0.0005408962177381937
warmup_epochs: 3
warmup_momentum: 0.895636626196151
warmup_bias_lr: 0.06052637637356499
mosaic: 0.879214287562742
mixup: 0.06839573122710534
